306611410521
357977077738
406545820227
317216961273
167809758567
235960296314
365027199075
317460958002
326994420398
357346074858
227186002063
388763158548
287106464829
389275929473
389395373646
358371160902
358320055910
336331591689
376578066263
305739637066
206126907011
357604361311
286690661659
205485172241
236564148979
317239810020
336173142192
376859078572
167788364490
178010653747
136862335291
236289701527
356819358633
277439824582
297741809110
376693332736
127286522782
335987112031
365857980921
406843339219
227104428859
336168945831
257142150187
188132301516
366134097715
127489123949
296609653796
389839847466
205983603171
187685766224
135691894750
306688351962
387811278153
187915397315
127364520573
336020018944
298111952573
146860039427
195629163046
317560738350
377016678937
267505527340
136083337199
297518067124
314748262956
357796309428
257205358698
366314057056
196425255045
187285454988
317033398139
366164108429
168293034799
147089149580
386834018223
205304334326
198163231467
334013266031
389467310836
166387484137
297842957400
286566828369
227308146163
157706846551
198047866031
167689560063
336326705826
236364289730
267278334698
389192484741
317425829943
267009957943
167916454529
236574924758
297723088363
296830840708
187503497500
376265074993
306661417784
286818516581
357376376395
156117690576
127812761125
296766859113
326841652502
326784120265
317777786241
397261954714
116431245224
326960901485
326435334773
377131585562
389590291701
136656898518
136579422952
177197412523
317777596168
205927316111
336549464786
306716994013
406437480995
116972816035
187854642093
317881721884
127621999009
176893242185
147138807169
356819525074
317328107567
127595006344
306134414503
267036843026
286706894535
326976299831
267556819076
317687753495
267580731759
116728939872
317604689352
157575633827
198159398441
227182379023
358023610738
227257841261
389781163897
116783473896
177547978635
187523948949
157472244418
147020211044
366286204877
389725468786
376387197152
226971889004
286880320082
166556471241
177501448652
168088933885
389383922487
317163695739
167385799464
396999175884
277941356280
389419391059
236151348212
167623683045
358421879429
156355895948
136480229766
205775687160
306614392642
389551845649
136856321475
277336865227
405634652089
317350269297
227251978444
235833794900
397214624982
317650343445
256867507739
358235326575
365977220157
354221634850
357813721129
397479648981
284540656869
286418724131
267175178069
376864767300
276607931389
306135389609
377040385099
136670792574
257166303224
167624076324
147107037878
277389519451
366096210648
267282893825
277347040721
388004282592
188346660318
317686339746
187444644819
186426655582
406828771234
257240750972
277554864004
286939659204
326862760977
397303092990
267306881322
396959621042
205365182373
287108533944
236278795410
317581752580
376173759282
336530787381
277226120054
136791151268
389227599727
375507879754
397194961621
376533104232
127434026170
186921661080
167446884242
177357686933
306773228138
376659696910
376367125010
298105414964
397510627306
277552424824
389714853806
277758162641
266826221975
336549466525
147239662236
375106195345
266363858734
406265509501
188167195956
357925012343
267333193036
357819848792
397085564664
317790424408
257411461745
362598902861
317070975475
376960359853
336408513917
397739705015
365105233223
155463746703
366268240697
226460449007
286679539311
115917821525
236135801553
177683560823
167908255260
127492268443
227204748890
295117368932
227011732035
115860116779
